-2309
-878
-1369
-816
-2864
-2713
-2660
-2803
-1494
-4949
-2227
-4120
-4377
-4313
-2578
-3651
-694
-307
-513
-2984
-2035
-1148
-1073
-4414
-3870
-1908
-3100
-403
-571
-4124
-107
-861
-4731
-1122
-2729
-1787
-3765
-1657
-4235
-209
-30
-280
-2922
-1552
-4129
-2099
-3999
-2308
-306
-2402
-2505
-4963
-2747
-1377
-1547
-2349
-236
-2142
-1886
-471
-4423
-100
-1523
-1249
-1706
-2484
-701
-159
-4358
-1159
-2912
-4502
-2481
-1372
-1787
-3225
-2878
-4958
-792
-456
-4280
-2470
-313
-168
-654
-4091
-4218
-3728
-2582
-4155
-4979
-2330
-512
-2918
-341
-825
-21
-1414
-1166
-1646
-3958
-500
-2206
-3915
-4534
-4175
-3665
-4643
-2337
-3591
-2994
-326
-1096
-2081
-2145
-3047
-893
-4541
-3977
-3312
-444
-1248
-369
-3324
-2135
-2547
-3101
-3487
-996
-3148
-1542
-1862
-58
-561
-2559
-1652
-3794
-3546
-243
-2879
-1973
-1816
-4110
-4857
-2905
-173
-3502
-2364
-3508
-62
-4139
-3789
-4483
-47
-3635
-1140
-1937
-3972
-802
-2372
-3857
-2561
-4629
-3020
-760
-677
-19
-1372
-2176
-1410
-1733
-4482
-1787
-701
-4045
-4276
-1424
-2241
-2516
-3949
-2042
-2680
-3509
-4920
-1587
-4322
-4859
-2268
-4910
-4213
-3440
-2837
-569
-4357
-913
-3438
-2908
-4894
-482
-2384
-4633
-3829
-2758
-4717
-4154
-2195
-2070
-3197
-4144
-3680
-2553
-3163
-1818
-4912
-1469
-4195
-2733
-489
-1496
-1851
-1024
-480
-4289
-693
-406
-3551
-1253
-3243
-3556
-2145
-923
-1083
-504
-1689
-139
-2823
-1513
-472
-367
-2530
-3932
-1995
-3255
-1251
-4913
-1667
-909
-1975
-3646
-3312
-224
-726
-4849
-269
-4207
-4609
-3835
-4248
-4977
-4214
-1454
-2159
-3835
-486
-4575
-2551
-4744
-1243
-2948
-1694
-4488
-1946
-3913
-2927
-3978
-131
-742
-710
-1769
-2407
-3421
-2712
-2503
-430
-3821
-2999
-285
-3228
-1203
-4424
-4937
-842
-4478
-241
-3170
-691
-698
-4423
-4089
-746
-4598
-3152
-4770
-1654
-3367
-33
-1946
-3431
-3016
-1580
-2992
-1476
-270
-116
-1175
-1935
-3894
-4408
-3671
-4069
-4515
-4822
-1461
-695
-1704
-3757
-3648
-2319
-3805
-620
-1600
-1651
-2098
-79
-491
-4521
-3151
-1071
-498
-51
-3464
-3923
-4123
-3572
-4854
-4744
-234
-4425
-4242
-4978
-4168
-1197
-3129
-865
-164
-194
-2873
-3254
-4367
-2830
-3850
-4722
-664
-2666
-4109
-420
-1169
-3599
-1080
-1113
-2602
-4577
-4459
-1254
-900
-1328
-2271
-683
-4671
-793
-1188
-1038
-516
-2712
-1520
-1977
-4580
-4713
-2953
-1025
-2649
-2260
-1774
-1197
-1790
-510
-4373
-1167
-999
-3773
-3637
-4219
-1646
-3855
-380
-364
-2430
-1205
-1546
-1930
-308
-2823
-1185
-3690
-4298
-621
-2533
-3059
-197
-4322
-1689
-326
-3683
-3361
-249
-2264
-262
-3109
-2645
-1969
-544
-2417
-4480
-2178
-4918
-2464
-3937
-4206
-3913
-2160
-1333
-674
-1888
-1056
-742
-782
-1399
-1304
-702
-1592
-1312
-46
-177
-2500
-4035
-4612
-4309
-4654
-4876
-3965
-4260
-2269
-3938
-2567
-2442
-2040
-4310
-261
-1948
-96
-2183
-3081
-1628
-1792
-541
-4111
-2242
-1578
-4050
-4456
-2234
-2376
-4382
-3927
-2310
-1613
-2033
-3187
-123
-250
-1958
-87
-3548
-3025
-4728
-2940
-1984
-1262
-4957
-108
-1865
-821
-4827
-4491
-124
-4845
-2036
-1256
-2946
-1816
-2949
-460
-2854
-2571
-1055
-3966
-3984
-3721
-3235
-2909
-384
-2683
-963
-3797
-920
-263
-2960
-1510
-1674
-2256
-685
-1372
-1531
-1041
-2751
-3446
-107
-4756
-3945
-1973
-3487
-4002
-1319
-2989
-2180
-1527
-4113
-1853
-89
-4445
-417
-594
-3996
-3587
-2257
-4668
-535
-503
-4927
-4330
-375
-4356
-4245
-3028
-2935
-2554
-4305
-3739
-4787
-3523
-4094
-941
-1458
-601
-1942
-2231
-3437
-1424
-4764
-31
-626
-3374
-841
-2965
-1002
-4698
-2032
-4899
-34
-4343
-4911
-4001
-1192
-1196
-3446
-4668
-901
-3311
-491
-229
-4176
-909
-1430
-586
-1290
-3530
-3659
-2714
-138
-809
-4023
-2489
-3178
-3721
-764
-1842
-2584
-4667
-3554
-3182
-989
-1588
-70
-3791
-2871
-1049
-4277
-199
-4879
-431
-2948
-990
-1755
-2357
-442
-1842
-4717
-3549
-3906
-3741
-509
-2410
-1242
-3546
-4146
-4979
-3407
-2388
-164
-109
-2394
-2163
-768
-1620
-4831
-3937
-3935
-4169
-2152
-1557
-2804
-2494
-1209
-4467
-2727
-1795
-2686
-948
-1984
-1276
-2338
-2785
-4990
-1667
-1350
-919
-1962
-3351
-3710
-4211
-2292
-4679
-2430
-1471
-2000
-1774
-3474
-4176
-1081
-4027
-1795
-4724
-1713
-4136
-4939
-1506
-32
-4950
-2921
-2066
-75
-1127
-4154
-3939
-4782
-4175
-2766
-780
-802
-4658
-4978
-3551
-2073
-191
-52
-975
-3931
-1419
-3056
-1329
-617
-2617
-2770
-62
-127
-4723
-4194
-1507
-3805
-824
-1197
-4883
-2721
-1894
-2442
-3174
-2187
-327
-4938
-3397
-2560
-4326
-1960
-1529
-800
-982
-364
-2854
-1845
-3666
-453
-3706
-4994
-2544
-4080
-4038
-525
-4559
-290
-1182
-3731
-4402
-1757
-2800
-4579
-4630
-2244
-2354
-55
-657
-1377
-4288
-1687
-3025
-2766
-116
-4147
-2068
-2216
-4926
-2767
-1024
-3458
-3119
-3252
-3726
-1734
-4187
-3596
-1675
-1844
-3331
-2010
-2552
-3470
-1424
-1708
-1604
-3038
-2913
-2791
-3868
-3752
-2641
-1066
-3794
-2736
-307
-3413
-4183
-3216
-3666
-4810
-2734
-140
-798
-4982
-4037
-4316
-2902
-2178
-1670
-3034
-4658
-1498
-3977
-2597
-793
-322
-1268
-3550
-560
-4005
-2295
-3554
-815
-125
-4842
-3931
-2698
-795
-3648
-3696
-360
-4347
-2808
-1178
-1345
-939
-1218
-1157
-2308
-4054
-3547
-198
-1363
-3364
-114
-1169
-4328
-1649
-2441
-4323
-745
-4317
-4233
-4550
-3747
-3007
-3788
-756
-1730
-3251
-1928
-2892
-4063
-3553
-4623
-1196
-158
-675
-1720
-2480
-3492
-421
-4666
-66
-3709
-3714
-580
-4533
-2158
-1143
-3402
-2644
-2362
-2197
-48
-3254
-3683
-1547
-3126
-1266
-2430
-1822
-1855
-4850
-967
-424
-526
-4729
-4184
-895
-3790
-468
-4842
-1509
-276
-1061
-4042
-360
-4677
-4273
-2281
-1299
-3727
-2661
-2254
-1952
-3506
-2960
-288
-2470
-2390
-2069
-4542
-4924
-752
-1216
-14
-4078
-2552
-2786
-1092
-4745
-4353
-2580
-3754
-654
-1920
-371
-3416
-2620
-3422
-2710
-757
-4465
-3360
-1941
-4585
-1144
-4975
-631
-615
-2494
-288
-630
-3051
-2148
-1427
-538
-4561
-2956
-811
-2707
-3772
-2971
-4074
-1612
-2936
-97
-1488
-2533
-2776
-2133
-2673
-4877
-4549
-4214
-1080
-4336
-882
-4752
-1781
-1155
-893
-983
-205
-2877
-2975
-4489
-1608
-388
-2938
-494
-812
-4691
-4857
-2922
-2418
-4833
-641
-829
-2019
-4440
-1341
-3958
-3941
-4247
-672
-3084
-4520
-390
-3659
-3287
-4170
-765
-4782
-2299
-1339
-2107
-294
-3276
-4246
-3426
-3124
-1023
-1209
-2696
-3603
-750
-4405
-769
-3496
-4174
-211
-2033
-1085
-943
-41
-907
-691
-3086
-1906
-1171
-905
-4911
-4885
-1725
-3841
-4850
-1137
-4748
-2341
-1417
-891
-3953
-4950
-2333
-119
-1399
-1275
-1933
-2483
-1313
-568
-3399
-2366
-1511
-2824
-1028
-1548
-4242
-549
-4100
-327
-3431
-3765
-312
-1216
-2844
-173
-1027
-3404
-3155
-2477
-658
-414
-697
-2085
-45
-1546
-493
-788
-4938
-2906
-2541
-2498
-894
-1532
-2803
-4954
-2568
-4341
-1364
-4203
-4516
-1757
-1483
-2681
-4889
-784
-4832
-4284
-3056
-3480
-3768
-3181
-4919
-3932
-3242
-1566
-4673
-510
-847
-335
-1981
-457
-72
-4674
-4590
-1413
-1987
-376
-1784
-3074
-71
-1813
-2567
-2042
-1151
-4614
-4570
-3596
-1221
-4959
-1135
-4239
-4234
-4265
-1195
-801
-3145
-2129
-424
-268
-4884
-2494
-410
-1299
-254
-264
-1290
-3273
-2275
-2580
-75
-4952
-1725
-1218
-4087
-3250
-486
-976
-4950
-3157
-3868
-1404
-1712
-4639
-1341
-766
-1597
-1617
-1407
-4358
-3118
-381
-3968
-1706
-1789
-2182
-4419
-1907
-181
-4073
-2173
-2953
-4966
-4663
-272
-3961
-1916
-4160
-3712
-1279
-2260
-3781
-2470
-2646
-1880
-3854
-3243
-4538
-4757
-4039
-2030
-3765
-1361
-1342
-2590
-1609
-2304
-3559
-445
-1952
-1617
-1578
-3672
-2520
-4118
-4626
-2608
-4756
-4050
-1773
-984
-2770
-4292
-699
-4724
-2722
-915
-4393
-572
-3187
-3914
-1178
-1836
-1977
-1935
-746
-4136
-4381
-2530
-3142
-872
-2399
-237
-2003
-2870
-2318
-4029
-3050
-771
-423
-1600
-2302
-318
-3698
-963
-1753
-2053
-2541
-4107
-1366
-4090
-1812
-385
-1471
-3612
-4384
-3896
-4478
-3529
-2098
-3391
-1037
-3047
-382
-4004
-1055
-1549
-3293
-3160
-3704
-4918
-2198
-2525
-995
-2553
-4261
-2245
-633
-3735
-85
-21
-1839
-1986
-3268
-2906
-4900
-1198
-2012
-4680
-2889
-1358
-2988
-2396
-2299
-602
-3632
-4149
-66
-4469
-3403
-540
-1814
-770
-3849
-2048
-1347
-3868
-2509
-1932
-1628
-3113
-1215
-4073
-365
-1431
-450
-1735
-4534
-1185
-1106
-1154
-437
-337
-313
-1489
-2104
-3032
-1375
-572
-1717
-1942
-435
-2959
-2072
-2300
-3227
-392
-1287
-1471
-2267
-31
-2033
-4108
-4355
-2667
-3292
-2523
-3453
-3810
-1827
-2435
-892
-4878
-2987
-4529
-143
-1818
-4460
-4264
-3211
-4566
-2194
-4157
-331
-2868
-4171
-2336
-1798
-1083
-3978
-3075
-4322
-3425
-2391
-4109
-748
-3137
-2508
-2003
-3812
-768
-2462
-3824
-2975
-375
-4697
-4007
-4461
-4436
-972
-4698
-4534
-3548
-3519
-2411
-2625
-55
-1606
-2730
-58
-1549
-479
-2010
-738
-340
-3026
-1862
-3972
-3176
-1788
-2947
-4380
-4544
-3306
-652
-1866
-120
-2751
-2672
-458
-3055
-4778
-1237
-4045
-3104
-1833
-4451
-4955
-4153
-4166
-3223
-4219
-117
-1631
-2520
-4774
-484
-1783
-891
-30
-1655
-4123
-4395
-1469
-3139
-1556
-4019
-148
-4149
-3658
-4675
-3702
-2939
-12
-1765
-4510
-3012
-1812
-1974
-1112
-44
-59
-1772
-1307
-10
-3736
-1433
-1997
-1922
-3203
-4438
-1819
-2432
-636
-4574
-4400
-4116
-801
-3604
-4578
-2830
-4811
-4274
-1147
-4251
-2519
-1252
-4261
-346
-3917
-1604
-579
-2957
-4500
-3658
-4963
-1072
-4960
-4921
-4337
-970
-3997
-2409
-718
-2043
-2286
-1564
-843
-376
-512
-3176
-802
-3396
-4729
-3346
-1068
-479
-4138
-1464
-1759
-4816
-4580
-4136
-1012
-3371
-936
-4252
-4537
-1691
-1976
-3386
-1639
-858
-2719
-4306
-3666
-4037
-2488
-487
-4776
-1648
-3294
-1621
-4555
-8
-1799
-4871
-978
-4834
-4232
-3124
-4831
-4420
-1393
-1241
-3684
-3068
-3175
-4481
-4772
-465
-435
-3251
-2005
-4676
-3533
-2610
-2813
-3708
-2815
-4610
-244
-2741
-74
-3698
-1260
-1743
-1183
-1458
-3264
-2344
-288
-3803
-3275
-382
-4597
-3837
-1765
-3509
-4847
-4376
-182
-1016
-3917
-3666
-3311
-4646
-1456
-4328
-4829
-3380
-3354
-1916
-2292
-50
-3108
-2316
-351
-1003
-4000
-2232
-2761
-2220
-1443
-4585
-665
-2926
-2922
-4447
-375
-3368
-3301
-4981
-37
-3819
-1881
-3023
-4667
-1036
-962
-122
-4701
-4488
-2075
-2506
-4849
-3436
-1748
-790
-3125
-345
-1710
-1179
-909
-1463
-2996
-1519
-2775
-1720
-2185
-2284
-4814
-2062
-213
-3711
-3929
-2667
-4811
-1308
-2209
-1379
-1077
-906
-2632
-2294
-386
-1255
-3301
-1246
-2226
-3190
-1441
-2762
-770
-2463
-1587
-70
-2549
-4727
-4148
-4410
-3251
-4630
-2200
-3791
-4461
-4972
-2690
-2564
-4669
-2776
-4264
-3723
-3483
-736
-486
-4054
-2758
-1949
-3381
-4360
-761
-1341
-981
-3782
-1244
-3456
-231
-1375
-1161
-1915
-76
-1827
-975
-132
-1683
-4633
-4730
-3592
-1407
-4481
-4652
-4738
-750
-4784
-1185
-194
-2454
-297
-2935
-1843
-4542
-3836
-3861
-4290
-2149
-3312
-75
-594
-4602
-1127
-794
-3149
-927
-31
-671
-1922
-3687
-2360
-3663
-1125
-2660
-1217
-3157
-3938
-3847
-510
-167
-4844
-4880
-4330
-2856
-470
-2882
-3232
-411
-2866
-1300
-4873
-1529
-1264
-303
-734
-883
-4876
-3491
-3963
-3862
-830
-1479
-1103
-4265
-4336
-4228
-4286
-4640
-3505
-1977
-3680
-3526
-354
-1408
-3559
-411
-1456
-1226
-3825
-3267
-1757
-3952
-239
-1430
-1752
-3904
-1135
-190
-1864
-2327
-978
-445
-4288
-3856
-1497
-3111
-2406
-1398
-2245
-1130
-2061
-2694
-2316
-2938
-1525
-4874
-889
-4962
-3897
-1371
-1644
-1073
-3196
-1560
-1296
-842
-4484
-4445
-1004
-1872
-1300
-24
-2971
-1325
-3548
-4389
-2351
-4757
-748
-83
-4702
-33
-4784
-4683
-1309
-1596
-2899
-3597
-957
-3349
-106
-2240
-811
-713
-3912
-2331
-2948
-467
-2134
-3968
-2494
-2767
-3047
-757
-1623
-1589
-1920
-702
-506
-3699
-1038
-2463
-456
-1237
-1234
-4314
-3771
-4533
-3776
-1461
-4391
-3772
-3266
-532
-3993
-520
-683
-2437
-1031
-3209
-621
-2394
-1100
-3923
-3780
-3417
-3488
-1227
-2743
-2201
-2178
-4474
-2282
-118
-2801
-4310
-3032
-817
-3873
-1626
-4691
-2768
-3196
-3615
-3934
-3922
-1752
-4899
-1332
-2712
-4814
-4883
-3586
-258
-1611
-450
-1439
-4038
-3573
-2239
-2017
-571
-1983
-3700
-2821
-4901
-3675
-1310
-446
-2187
-2254
-768
-3474
-655
-1839
-3958
-1944
-3061
-1662
-1238
-1823
-706
-3929
-2140
-1536
-1312
-2695
-4899
-4926
-1203
-2306
-76
-3601
-2208
-817
-4840
-2479
-996
-4633
-4601
-2537
-1946
-2439
-4191
-1200
-770
-3472
-2857
-1884
-3378
-2555
-4663
-29
-4816
-3733
-13
-3859
-1600
-4608
-2568
-129
-3407
-1905
-1755
-2838
-2543
-6
-3427
-756
-4696
-1910
-3342
-4396
-1152
-3451
-828
-4859
-377
-837
-1492
-3418
-1984
-1715
-3955
-3159
-4925
-2946
-871
-4642
-446
-3754
-1629
-4126
-736
-1197
-3706
-71
-3053
-3056
-3365
-4784
-251
-874
-744
-1298
-4706
-4333
-1367
-3036
-1201
-3691
-4333
-3516
-2052
-1050
-1946
-3922
-697
-2354
-354
-3516
-878
-1791
-4297
-1836
-4144
-4191
-2981
-1155
-4686
-4044
-4267
-3877
-2705
-942
-2576
-1594
-641
-4927
-3069
-4567
-4987
-3321
-4679
-2224
-2910
-3031
-3482
-4094
-3252
-1525
-160
-3686
-1087
-4860
-1642
-3343
-3397
-447
-925
-3993
-2934
-722
-3650
-3033
-1987
-3978
-3689
-323
-1574
-713
-1665
-3940
-3077
-2683
-1934
-3733
-4198
-3384
-4570
-1470
-2182
-2459
-3943
-2555
-684
-811
-4733
-857
-704
-1303
-1833
-3736
-608
-3417
-605
-2669
-764
-888
-2390
-2865
-4147
-1733
-4151
-1970
-3326
-3829
-2316
-3410
-3336
-1990
-3102
-218
-4208
-416
-2733
-1623
-3649
-909
-2995
-2965
-4943
-4164
-2444
-2473
-926
-1943
-3469
-1773
-4689
-279
-900
-290
-3408
-4464
-771
-415
-310
-2626
-1037
-214
-2323
-3210
-4555
-1372
-3847
-472
-3871
-4744
-3872
-3187
-2621
-1554
-840
-1059
-2219
-3371
-548
-2329
-3145
-4716
-3473
-1362
-4606
-4875
-2314
-997
-4940
-37
-970
-4029
-3364
-710
-1750
-272
-4882
-2893
-997
-4952
-1429
-3125
-2726
-3350
-4364
-4549
-357
-778
-4912
-1449
-4293
-3787
-2643
-158
-264
-1419
-1596
-1229
-1833
-2928
-65
-537
-1381
-507
-86
-4824
-2551
-277
-4387
-2436
-2634
-4467
-2368
-1786
-4090
-737
-2299
-2360
-3868
-2251
-237
-3410
-3223
-1989
-2451
-4633
-4607
-1127
-2189
-2337
-354
-3411
-814
-4231
-1746
-2131
-2648
-3720
-1505
-1733
-1983
-1171
-3937
-267
-4431
-894
-452
-3244
-4215
-2064
-4623
-1389
-2404
-3703
-2642
-327
-516
-1169
-4034
-1026
-2901
-1395
-2766
-227
-4859
-4686
-4492
-4219
-2205
-1606
-3164
-151
-1788
-4567
-3427
-1406
-326
-3416
-1141
-342
-270
-3697
-555
-787
-1156
-155
-4261
-914
-1785
-3818
-3095
-3762
-2357
-4908
-259
-1634
-736
-1239
-2910
-4606
-1729
-275
-282
-1010
-4561
-1562
-2978
-4608
-110
-1877
-162
-4900
-4796
-2811
-2098
-822
-4920
-2118
-989
-1613
-1035
-502
-4012
-4156
-3246
-3671
-2169
-4325
-4635
-3305
-3428
-2852
-4618
-2336
-4083
-429
-1616
-1967
-1349
-70
-2022
-2332
-3203
-425
-218
-2155
-1858
-2450
-106
-3908
-3527
-2125
-838
-2581
-2135
-1443
-978
-3820
-1681
-584
-1235
-3497
-1994
-1204
-2549
-3036
-3895
-3918
-1437
-798
-1863
-1809
-1652
-1016
-4876
-101
-492
-42
-3284
-4444
-1593
-1329
-2380
-2765
-2677
-3849
-4059
-3477
-2948
-3037
-1206
-2365
-4161
-3187
-2077
-3888
-1907
-4160
-1119
-2546
-3395
-3463
-1553
-3777
